0000000000000000000000000000000000000000
0000000000000000000000000000000000000000
0000000000000000000000000000000000000000
0000000000000000000000000000000000000000
0000000000000000000000000000000000000000
0000000000000000000000000000000000000000
0000000000000000000000000000000000000000
0000000000000000000000000000000000000000
0000000000000000000000000000000000000000
0000000000000000000000000000000000000000
0000000000000000000000000000000000000000
0000000000000000000000000000000000000000
0000111111111111111111111111111111110000
0001111111111111111111111111111111111000
0001111111111111111111111111111111111000
0011111111111111111111111111111111111100
0011111111111111111111111111111111111100
0011111001111111111111111111111100111100
0111111001111111111111111111111100111110
0111110001111111111111111111110001111110
0111110001111111111111111111110001111110
1111111111111001111111100111111111111111
1111111111111001111111100111111111111111
1111111111111111111111111111111111111111
1111111111111111111111111111111111111111
1111111111111111111111111111111111111111
1111111111111111111111111111111111111111
1111111111111111111111111111111111111111
0011111111111111111111111111111111111100
0011111111111111111111111111111111111100
0011111111111111111111111111111111111100
0001111111111111111111111111111111111000
0001111111111111111111111111111111111000
0000011111111111111111111111111111100000
0000001111111111111111111111111110000000
0000000011111111111111111111111000000000
0000000000111111111111111111100000000000
0000000000000111111111111100000000000000
0000000000000001111111100000000000000000
0000000000000000001110000000000000000000
0000000000000000000000000000000000000000
0000000000000000000000000000000000000000

00000000000000000000000000000000
00000000000000000000000000000000
00000000000000000000000000000000
00000000000000000000000000000000
00000000000000000000000000000000
00000000000000000000000000000000
00000001111000000000000011110000
00000011111110000000000111111100
00000111111111000000001111111110
00000111111111000000001111111110
00001111111111100000011111111111
00001111111111100000011111111111
000111000000001110000111000000111
000111000000001110000111000000111
000111000000001110000111000000111
000111111111111110000111111111111
000111111111111110000111111111111
00001111111111100000011111111111
00000111111111000000001111111110
00000011111110000000000111111100
00000000111000000000000011110000
00000000111100000000000011111000
00000000111110000000000111111000
00000000111111100000011111110000
00000000011111111111111111100000
00000000001111111111111111000000
00000000000001111110011111000000
00000000000000011110000000000000
00000000000000011100000000000000
00000000000000000000000000000000
00000000000000000000000000000000
